100
600
39 23 -133
63 79 68
27 59 -42
55 75 -26
58 52 579
86 67 689
32 14 -177
9 93 183
49 75 -15
82 53 305
4 93 -137
57 65 -267
42 5 535
5 48 850
82 77 74
84 67 89
51 66 639
99 67 1089
48 37 527
85 51 792
79 77 670
47 53 397
45 93 -57
44 40 1192
96 82 1070
88 72 392
53 40 48
1 18 48
0 53 -88
62 16 772
54 15 949
51 22 -67
63 98 972
37 6 198
52 70 1176
60 75 283
42 48 873
4 79 -66
28 46 366
77 68 1162
9 2 563
27 82 143
44 38 156
94 37 781
45 82 953
41 82 237
68 48 -236
83 21 -31
89 49 648
64 12 166
7 94 888
53 58 -161
28 23 829
68 24 943
51 56 884
79 84 1053
62 85 416
98 33 1071
62 44 1165
0 76 967
89 67 13
65 91 254
39 6 -30
60 17 513
55 88 -56
4 80 -251
56 98 -131
27 49 834
20 32 2
48 41 979
33 92 -216
36 89 1049
90 60 665
88 19 1075
54 39 722
8 41 41
76 78 1095
91 36 -60
18 65 -28
92 15 509
42 54 95
41 26 -63
42 80 -100
69 87 527
97 3 1193
4 94 984
17 34 33
82 38 -300
67 57 415
27 54 39
69 78 186
72 3 -162
31 81 -94
32 74 851
66 12 190
36 42 417
56 45 671
50 40 30
4 71 792
54 11 -43
82 34 -109
3 67 164
28 69 284
36 10 575
4 67 157
0 90 1102
60 11 116
64 55 204
7 60 303
64 92 886
31 77 1013
51 10 489
31 67 131
2 70 950
49 95 674
79 50 832
63 44 -128
85 52 -218
26 44 -116
61 67 175
73 42 352
51 36 1119
78 38 -42
85 78 693
11 35 1142
64 56 -67
83 53 956
39 57 11
72 76 1115
18 9 1114
42 18 169
79 18 -157
33 62 -256
32 71 -136
37 33 315
56 1 1049
3 69 964
99 49 695
29 22 848
35 25 598
99 98 72
71 91 109
60 25 303
86 64 224
24 81 173
61 66 500
49 98 1043
37 43 854
11 61 1116
88 35 -21
80 29 -225
55 48 5
42 58 -27
4 98 292
90 91 1119
59 9 1123
6 40 -96
64 57 370
39 78 1190
25 32 866
23 0 187
5 12 195
67 39 828
50 89 13
45 50 150
43 92 719
79 75 -95
6 5 51
62 13 701
64 94 -89
73 18 724
33 18 470
76 25 1136
65 24 257
5 82 448
19 58 759
53 60 287
54 5 720
79 76 109
65 8 369
68 35 1111
61 46 1055
48 98 761
35 71 -118
79 32 1077
74 27 689
35 38 634
74 21 675
51 94 329
10 2 316
26 65 112
92 85 453
62 2 1165
57 24 821
93 62 424
33 52 -272
97 81 18
32 53 131
85 21 611
78 39 552
34 73 25
88 54 167
46 96 822
95 55 384
94 42 -147
13 61 444
25 98 288
47 79 1002
7 61 -252
85 0 1107
7 19 -248
79 93 1191
98 18 509
54 25 759
8 72 -23
73 37 99
92 47 65
47 72 105
1 69 821
59 56 561
5 60 670
79 52 1112
86 54 -17
73 27 11
43 69 -223
89 73 -122
51 12 -127
67 93 489
8 1 -2
31 28 936
28 97 346
60 10 -149
14 48 559
36 25 633
42 37 181
71 2 233
26 57 1041
74 28 573
57 60 325
62 55 114
39 2 -160
33 66 1107
86 77 -222
79 45 23
26 10 616
61 90 460
67 18 -7
22 74 263
85 38 348
60 61 -92
63 29 -61
14 97 39
61 51 1051
83 48 463
69 95 773
95 10 131
6 88 1039
12 35 -222
82 74 554
3 15 597
59 42 349
93 15 618
7 8 -15
28 59 17
10 15 294
72 61 570
76 40 461
78 2 1188
96 77 924
4 88 -175
64 62 459
61 69 1005
54 72 -7
88 55 804
8 77 -206
39 71 263
96 14 -67
12 41 808
8 80 860
93 99 1027
88 9 641
50 60 938
28 57 149
57 15 484
76 58 -221
4 68 -1
24 38 863
87 93 75
62 87 171
69 4 953
5 74 273
41 96 569
64 25 1035
64 66 740
45 99 109
93 8 -52
54 27 540
53 85 213
32 11 -144
49 52 442
51 34 79
17 58 -134
67 12 569
82 23 -21
88 14 577
43 87 933
65 52 943
24 8 1149
2 14 374
64 63 -56
29 54 1045
39 14 1020
66 76 985
99 95 -229
24 3 84
1 58 1114
58 31 203
49 18 364
27 55 60
27 88 -52
12 4 973
6 84 685
20 44 516
78 7 783
57 64 963
11 16 288
23 64 722
47 10 179
86 38 204
45 28 -37
86 51 245
7 12 957
83 42 328
92 79 4
16 14 639
43 73 -41
76 79 67
57 87 979
75 23 136
87 38 859
9 24 721
67 87 693
3 47 1132
48 1 2
44 22 494
47 11 40
82 79 313
55 24 1108
92 67 130
87 73 -135
73 64 1143
32 65 492
91 75 958
76 52 881
48 14 -152
24 86 227
34 60 673
57 67 -222
68 37 325
92 91 1037
19 40 439
25 7 1145
70 82 939
89 42 -86
67 53 137
7 75 -147
60 47 -112
76 36 -203
8 49 961
55 31 1043
48 75 916
10 20 456
39 48 54
47 20 112
31 87 579
5 32 20
87 71 828
47 57 937
75 48 36
60 82 642
92 17 -185
88 39 913
46 62 605
28 21 -93
39 63 -77
38 85 23
81 32 923
87 14 473
94 64 228
96 60 1157
73 47 1005
74 84 875
3 22 156
68 25 704
82 65 130
37 76 37
69 71 -49
14 46 519
98 94 585
84 79 -3
9 5 1123
74 1 527
1 20 45
60 68 37
54 91 216
59 66 1046
65 94 674
15 39 -111
1 10 81
13 26 277
84 10 978
89 69 436
74 37 1089
84 88 639
50 14 380
96 43 459
66 26 89
72 11 1046
94 84 23
46 0 1100
0 25 926
62 49 523
11 46 61
0 71 -63
87 32 720
97 18 483
44 87 781
67 84 679
62 66 684
40 86 799
74 14 790
52 25 1071
55 1 252
38 39 476
28 79 633
78 0 435
1 97 -13
71 61 359
81 18 34
30 57 149
69 9 601
10 38 990
12 81 129
12 39 64
19 88 1061
15 24 969
22 86 778
96 12 605
81 5 339
22 62 27
84 18 709
0 72 936
26 71 501
57 96 -177
46 69 791
39 15 169
84 50 10
21 19 -247
25 52 21
15 91 -285
7 49 720
39 62 -185
43 7 16
7 18 599
75 59 1106
15 87 -72
47 42 -52
16 12 -88
10 59 129
43 97 -49
26 55 125
27 44 1138
19 56 287
59 98 315
9 73 381
99 90 -17
23 81 -108
76 49 974
44 76 321
17 49 991
40 21 -105
34 43 131
7 81 1160
12 44 -212
76 5 1185
65 3 -107
73 36 -129
41 49 275
1 23 1164
23 48 887
75 72 536
42 62 62
98 86 773
0 66 -105
20 88 -113
6 73 -138
33 29 359
58 12 329
89 51 107
89 60 243
65 5 944
93 58 448
12 24 723
85 14 833
69 11 997
10 82 362
77 2 398
49 60 -79
0 29 450
48 28 -23
5 19 -18
37 71 -25
83 10 981
11 34 73
62 8 88
7 89 27
70 13 471
51 9 1048
46 23 672
22 11 582
14 26 81
48 54 458
19 16 809
15 18 641
59 74 -119
25 3 392
99 94 -81
45 14 331
26 61 -93
48 57 924
36 3 30
6 61 -225
97 71 635
86 62 279
56 40 780
85 10 561
2 36 259
22 81 1191
89 10 663
46 88 84
92 53 -155
46 9 755
95 53 110
24 89 -13
89 53 179
57 92 824
84 33 376
37 19 230
44 17 220
17 43 974
44 5 481
87 25 170
64 87 -145
55 95 486
52 93 561
61 30 177
88 38 11
90 94 149
95 93 277
36 95 67
10 87 529
84 24 153
33 13 374
92 3 261
57 40 -55
51 13 1053
12 84 945
23 87 1066
84 78 417
38 44 888
66 58 280
52 23 717
13 81 639
8 10 1081
81 73 19
69 28 109
64 33 576
97 17 45
87 83 169
17 87 253
50 43 -71
5 36 379
40 63 0
59 24 924
43 18 440
86 44 742
60 69 -106
94 34 1108
7 93 -47
22 31 190
9 12 -191
78 84 357
14 65 602
85 84 365
82 83 -214
31 36 -146
51 82 1109
94 87 208
95 35 1138
92 46 293