100
600
41 49 588
85 15 171
30 17 1094
89 22 169
78 8 540
11 28 162
0 16 630
30 86 221
29 91 605
96 59 814
60 59 391
27 52 996
24 69 864
37 60 61
81 14 1144
30 79 800
64 79 403
53 16 111
12 72 278
34 82 1172
24 93 856
75 88 255
92 91 504
94 91 442
43 55 6
77 30 773
27 60 1128
22 25 989
47 65 524
6 23 80
72 64 75
19 33 29
7 20 235
86 46 723
23 56 418
6 72 1136
89 13 1139
14 8 366
30 55 694
8 27 764
51 10 1085
21 40 270
68 49 842
43 67 190
11 19 6
21 74 1179
43 68 200
51 39 272
69 15 767
19 3 1189
84 32 324
46 24 540
37 98 326
94 13 529
25 51 1191
7 60 448
9 26 963
35 46 739
89 51 1001
12 78 722
10 96 229
54 21 693
52 87 1144
40 38 918
78 9 982
7 38 35
34 91 402
75 97 751
39 86 1028
6 13 283
39 27 116
45 50 389
77 89 1082
96 32 67
13 1 426
43 65 563
19 29 935
32 12 1122
10 5 944
87 94 822
63 11 60
82 62 1184
22 86 170
48 33 725
59 52 113
50 21 573
28 5 765
38 51 471
35 76 71
63 71 1135
77 55 859
21 99 1024
72 38 1019
24 22 865
26 92 669
14 64 1009
24 81 862
40 3 81
3 18 1050
78 83 101
90 26 808
29 7 469
74 90 1059
36 10 800
73 25 550
69 96 1045
64 53 922
1 25 563
48 87 962
39 74 367
62 13 1035
50 58 669
17 3 532
83 48 968
8 36 1166
70 73 903
11 50 960
3 8 750
37 86 482
2 93 522
40 12 1018
9 36 1092
13 59 181
34 6 335
49 18 773
37 93 94
47 92 1048
46 17 280
1 85 2
56 18 665
26 98 1166
17 77 421
24 18 1106
23 53 607
5 77 210
56 93 430
23 97 51
40 91 267
54 33 444
63 0 1029
58 61 706
29 73 479
98 47 43
81 72 310
56 66 618
33 90 206
39 92 851
30 95 351
99 84 246
17 78 147
57 74 145
54 44 159
57 68 835
51 88 982
55 37 933
77 75 875
66 56 163
83 36 397
80 23 739
11 30 1170
30 61 1053
33 89 770
30 5 936
25 67 499
92 62 374
66 53 473
52 47 1053
87 46 755
1 35 145
33 55 160
38 44 658
9 20 463
52 13 75
71 70 1176
48 2 407
88 95 168
60 45 382
15 73 975
8 96 760
77 12 1185
1 77 1007
36 86 199
36 31 985
31 25 222
66 95 679
12 28 792
58 52 564
82 26 1139
26 16 932
51 17 915
19 7 252
6 50 198
99 37 938
72 87 62
58 28 819
82 28 1111
0 3 181
78 19 61
2 64 845
58 22 889
69 14 252
21 66 996
92 40 181
5 42 303
81 4 592
81 79 879
57 4 246
78 5 601
65 2 546
16 24 174
94 41 644
33 97 901
14 99 1013
92 81 305
45 18 219
76 68 764
4 41 324
17 5 1119
35 7 444
5 52 601
19 10 780
95 22 573
60 51 1075
46 65 989
1 24 519
11 84 790
89 72 545
80 58 894
69 17 1121
88 57 454
17 74 800
43 81 122
87 38 669
52 30 237
4 90 191
54 67 712
34 28 1140
47 46 374
54 66 732
88 92 991
40 17 452
99 23 1166
11 78 1186
32 3 229
86 64 765
62 44 206
64 40 369
83 49 181
9 11 634
75 22 286
99 38 475
12 65 193
42 52 335
20 40 625
20 14 427
23 29 115
95 77 1162
53 0 771
66 20 913
62 51 531
30 1 868
35 1 815
17 19 35
1 33 503
93 78 762
26 67 282
81 44 293
13 92 641
50 59 303
39 62 357
82 58 919
59 84 250
56 58 209
23 28 161
24 50 784
53 80 624
53 21 1141
65 15 4
88 79 1097
99 26 274
70 76 271
55 61 167
62 58 836
90 2 1193
9 39 825
86 81 237
60 24 1060
72 57 751
27 39 883
64 38 1139
50 98 109
29 90 595
40 55 483
23 65 285
17 72 876
51 57 857
50 44 67
72 91 182
24 9 1009
24 63 297
11 71 1171
59 18 271
83 51 183
3 83 86
74 76 526
82 94 293
32 59 341
83 60 454
69 56 599
2 79 1089
82 6 174
47 98 816
56 83 70
70 92 267
81 58 150
62 78 824
89 40 516
48 91 1146
1 4 481
6 41 1120
14 11 672
46 49 46
22 82 563
17 2 1161
4 58 1075
57 62 344
26 55 1154
79 26 1181
43 37 807
6 59 5
36 60 92
15 54 138
86 45 25
72 21 968
18 19 1141
80 38 765
46 40 376
4 10 130
5 12 220
16 82 567
52 24 437
71 6 476
56 15 1130
8 15 891
97 6 242
65 44 799
98 38 353
84 81 322
36 72 621
31 81 480
69 92 838
29 47 700
80 85 605
99 13 886
82 39 683
72 63 872
65 9 82
47 48 217
56 22 659
96 71 713
53 9 1096
46 47 862
3 29 1188
99 54 1152
77 85 1072
51 90 437
39 18 831
78 87 194
3 46 980
85 32 1198
97 73 760
26 88 1173
48 95 717
13 69 409
12 64 470
48 67 274
99 69 137
77 57 624
86 47 1135
68 92 208
73 54 1126
80 56 1081
75 43 213
77 34 556
59 6 383
67 34 8
19 11 1099
0 84 913
34 58 325
10 81 75
36 66 303
91 9 954
19 35 122
28 62 966
43 98 1143
34 75 38
36 16 25
77 17 676
0 88 290
81 50 784
72 27 838
95 60 721
17 18 186
97 36 199
39 29 242
73 56 392
43 40 11
74 0 911
12 48 860
70 8 796
41 59 690
19 83 965
77 45 992
84 51 534
31 79 1137
31 85 859
54 76 153
92 23 365
97 28 338
63 80 1120
58 46 248
13 79 499
21 22 539
87 20 832
64 30 668
85 38 1110
92 37 500
78 7 750
52 58 310
78 80 572
49 92 1018
92 16 61
6 54 1011
27 64 961
25 53 807
58 20 284
39 66 316
19 99 175
94 72 616
34 45 50
84 48 326
75 58 226
25 79 91
96 90 891
31 84 509
54 39 571
23 87 708
81 34 531
0 63 755
61 97 357
19 22 519
2 13 1192
44 56 37
55 76 287
52 46 250
54 28 253
8 17 1092
15 24 857
64 18 602
1 40 876
59 0 1038
62 56 1105
80 75 684
90 77 804
73 97 583
49 36 1118
43 64 945
57 56 695
65 87 968
18 9 757
99 87 714
53 13 1120
68 12 220
60 0 224
7 64 886
84 4 978
86 3 354
75 10 1125
94 1 807
35 14 243
68 87 308
69 12 232
68 75 869
92 71 801
62 48 1153
52 22 648
97 94 156
1 32 102
73 68 692
33 93 908
76 59 286
72 32 449
49 87 1021
90 83 266
83 62 1150
63 94 734
91 97 184
32 91 254
17 51 284
81 11 1047
21 60 271
19 42 532
83 88 10
46 35 815
69 13 124
10 3 632
50 72 670
73 76 931
74 63 204
53 48 617
19 38 126
18 46 875
61 54 1171
75 95 198
25 88 761
81 0 716
90 4 157
9 83 540
46 81 742
94 50 1167
3 45 844
61 74 489
2 4 363
5 18 647
22 69 647
16 2 850
45 59 653
31 93 668
79 96 643
97 30 869
43 52 880
29 42 1156
82 96 802
21 9 173
37 76 229
86 41 523
53 29 1009
55 32 816
19 18 1199
37 12 947
26 49 420
75 5 862
85 37 286
97 46 824
32 19 239
36 53 697
40 47 703
71 87 769
14 86 792
8 75 1033
73 70 608
59 23 800
51 79 671
2 60 919
92 57 936
67 66 148
99 93 537
97 2 1123
22 51 360
67 51 1137
24 82 951
67 18 211
61 26 996
37 31 315
78 17 113
31 13 563
31 97 408
60 33 1035
62 11 241
39 30 426
54 82 292
15 50 27
60 52 517
39 3 247
5 73 1145
4 47 894
66 83 705
60 66 399
35 87 592
1 28 166
85 35 995
44 46 633
24 32 746
75 73 1158
33 6 329
69 98 121
64 12 899
78 97 791
17 1 466
41 36 522
24 64 584
81 49 638
11 22 800
93 64 1161
13 45 250
43 99 398
19 52 205
79 91 236
46 67 104
99 96 772